Source File,Main Protein,Found Protein,Position,Product
WP_158837519_neighbors.csv,WP_158837519.1,WP_368074177.1,upstream,hypothetical protein
WP_270331634_neighbors.csv,WP_270331634.1,WP_333485618.1,downstream,hypothetical protein
WP_280991013_neighbors.csv,WP_280991013.1,WP_228267451.1,downstream,hypothetical protein
WP_142413860_neighbors.csv,WP_142413860.1,WP_341472629.1,downstream,hypothetical protein
WP_277848467_neighbors.csv,WP_277848467.1,WP_338405901.1,downstream,hypothetical protein
WP_277848467_neighbors.csv,WP_277848467.1,WP_277848468.1,downstream,hypothetical protein
WP_261167511_neighbors.csv,WP_261167511.1,WP_261167510.1,upstream,hypothetical protein
WP_163455010_neighbors.csv,WP_163455010.1,WP_163455008.1,downstream,hypothetical protein
WP_114138884_neighbors.csv,WP_114138884.1,WP_114138885.1,downstream,hypothetical protein
WP_114138884_neighbors.csv,WP_114138884.1,WP_114138886.1,downstream,hypothetical protein
WP_256769287_neighbors.csv,WP_256769287.1,WP_180814337.1,downstream,hypothetical protein
WP_150289547_neighbors.csv,WP_150289547.1,WP_150289548.1,downstream,hypothetical protein
WP_409247599_neighbors.csv,WP_409247599.1,WP_409246987.1,downstream,hypothetical protein
WP_402743530_neighbors.csv,WP_402743530.1,WP_402743531.1,downstream,hypothetical protein
WP_392559455_neighbors.csv,WP_392559455.1,WP_392559454.1,upstream,hypothetical protein
WP_392559455_neighbors.csv,WP_392559455.1,WP_392559456.1,downstream,hypothetical protein
WP_306248109_neighbors.csv,WP_306248109.1,WP_306248111.1,downstream,hypothetical protein
WP_228267451_neighbors.csv,WP_228267451.1,WP_407260672.1,upstream,hypothetical protein
WP_228267451_neighbors.csv,WP_228267451.1,WP_280991013.1,upstream,hypothetical protein
WP_228267451_neighbors.csv,WP_228267451.1,WP_228267452.1,downstream,hypothetical protein
WP_052133217_neighbors.csv,WP_052133217.1,WP_152607488.1,upstream,hypothetical protein
WP_224266238_neighbors.csv,WP_224266238.1,WP_224266239.1,downstream,hypothetical protein
WP_228594998_neighbors.csv,WP_228594998.1,WP_228594996.1,upstream,hypothetical protein
WP_347813926_neighbors.csv,WP_347813926.1,WP_213923223.1,downstream,hypothetical protein
WP_348271945_neighbors.csv,WP_348271945.1,WP_244468236.1,downstream,hypothetical protein
WP_072980545_neighbors.csv,WP_072980545.1,WP_072980546.1,downstream,hypothetical protein
WP_241774432_neighbors.csv,WP_241774432.1,WP_256986912.1,upstream,hypothetical protein
WP_312403729_neighbors.csv,WP_312403729.1,WP_312403727.1,downstream,hypothetical protein
WP_261310674_neighbors.csv,WP_261310674.1,WP_261310675.1,downstream,hypothetical protein
WP_155885577_neighbors.csv,WP_155885577.1,WP_155885576.1,upstream,hypothetical protein
WP_158826567_neighbors.csv,WP_158826567.1,WP_158826566.1,upstream,hypothetical protein
WP_259272203_neighbors.csv,WP_259272203.1,WP_259272204.1,downstream,hypothetical protein
WP_264974851_neighbors.csv,WP_264974851.1,WP_264974850.1,downstream,hypothetical protein
WP_324249590_neighbors.csv,WP_324249590.1,WP_229037069.1,downstream,P-loop NTPase fold protein
WP_271342745_neighbors.csv,WP_271342745.1,WP_271342746.1,upstream,hypothetical protein
WP_407251256_neighbors.csv,WP_407251256.1,WP_124040463.1,upstream,hypothetical protein
WP_407251256_neighbors.csv,WP_407251256.1,WP_407251314.1,upstream,hypothetical protein
WP_161476339_neighbors.csv,WP_161476339.1,WP_347403489.1,upstream,pcar
WP_234057484_neighbors.csv,WP_234057484.1,WP_329601897.1,upstream,hypothetical protein
WP_143297695_neighbors.csv,WP_143297695.1,WP_143297694.1,upstream,hypothetical protein
WP_246842275_neighbors.csv,WP_246842275.1,WP_246842274.1,upstream,hypothetical protein
WP_246842275_neighbors.csv,WP_246842275.1,WP_246842276.1,downstream,hypothetical protein
WP_290924101_neighbors.csv,WP_290924101.1,WP_290924103.1,downstream,hypothetical protein
WP_250391431_neighbors.csv,WP_250391431.1,WP_228709039.1,upstream,hypothetical protein
WP_407245475_neighbors.csv,WP_407245475.1,WP_407245418.1,downstream,hypothetical protein
WP_228714479_neighbors.csv,WP_228714479.1,WP_228714481.1,downstream,hypothetical protein
WP_089663732_neighbors.csv,WP_089663732.1,WP_089663730.1,upstream,hypothetical protein
WP_250221809_neighbors.csv,WP_250221809.1,WP_231527659.1,downstream,hypothetical protein
WP_210408756_neighbors.csv,WP_210408756.1,WP_227538379.1,downstream,P-loop NTPase fold protein
WP_210408756_neighbors.csv,WP_210408756.1,WP_318613194.1,downstream,P-loop NTPase fold protein
WP_210408756_neighbors.csv,WP_210408756.1,WP_241528274.1,downstream,P-loop NTPase fold protein
WP_210408756_neighbors.csv,WP_210408756.1,WP_368762290.1,downstream,P-loop NTPase fold protein
WP_264752709_neighbors.csv,WP_264752709.1,WP_264752710.1,downstream,hypothetical protein
WP_249534031_neighbors.csv,WP_249534031.1,WP_249534032.1,downstream,hypothetical protein
WP_243053488_neighbors.csv,WP_243053488.1,WP_243053487.1,downstream,hypothetical protein
WP_208373680_neighbors.csv,WP_208373680.1,WP_208373678.1,upstream,hypothetical protein
WP_290942967_neighbors.csv,WP_290942967.1,WP_290942965.1,upstream,hypothetical protein
WP_257123132_neighbors.csv,WP_257123132.1,WP_257123131.1,upstream,hypothetical protein
WP_119973127_neighbors.csv,WP_119973127.1,WP_119973129.1,downstream,hypothetical protein
WP_268720942_neighbors.csv,WP_268720942.1,WP_268720943.1,downstream,hypothetical protein
WP_233481521_neighbors.csv,WP_233481521.1,WP_233481520.1,upstream,hypothetical protein
WP_378235516_neighbors.csv,WP_378235516.1,WP_378235514.1,upstream,hypothetical protein
WP_378235516_neighbors.csv,WP_378235516.1,WP_378235515.1,downstream,hypothetical protein
WP_237023563_neighbors.csv,WP_237023563.1,WP_334198866.1,downstream,hypothetical protein
WP_317580145_neighbors.csv,WP_317580145.1,WP_317580146.1,downstream,hypothetical protein
WP_243045638_neighbors.csv,WP_243045638.1,WP_243045640.1,downstream,hypothetical protein
WP_331722856_neighbors.csv,WP_331722856.1,WP_405498885.1,downstream,hypothetical protein
WP_332679050_neighbors.csv,WP_332679050.1,WP_332679047.1,upstream,hypothetical protein
WP_332679050_neighbors.csv,WP_332679050.1,WP_332679052.1,downstream,hypothetical protein
WP_236941985_neighbors.csv,WP_236941985.1,WP_236941986.1,downstream,hypothetical protein
WP_236941985_neighbors.csv,WP_236941985.1,WP_250376678.1,downstream,hypothetical protein
WP_236941985_neighbors.csv,WP_236941985.1,WP_250376679.1,downstream,hypothetical protein
WP_236941985_neighbors.csv,WP_236941985.1,WP_250668008.1,downstream,hypothetical protein
WP_397006107_neighbors.csv,WP_397006107.1,WP_397006105.1,downstream,hypothetical protein
WP_227515271_neighbors.csv,WP_227515271.1,WP_180814337.1,downstream,hypothetical protein
WP_227515271_neighbors.csv,WP_227515271.1,WP_228299879.1,downstream,hypothetical protein
WP_333485618_neighbors.csv,WP_333485618.1,WP_270331634.1,downstream,hypothetical protein
WP_369099776_neighbors.csv,WP_369099776.1,WP_369099783.1,downstream,DNA-binding protein
WP_343439077_neighbors.csv,WP_343439077.1,WP_343439078.1,downstream,hypothetical protein
WP_407251037_neighbors.csv,WP_407251037.1,WP_333954075.1,upstream,hypothetical protein
WP_368762290_neighbors.csv,WP_368762290.1,WP_210408756.1,upstream,hypothetical protein
WP_181611842_neighbors.csv,WP_181611842.1,WP_181611843.1,downstream,hypothetical protein
WP_227013145_neighbors.csv,WP_227013145.1,WP_227013147.1,downstream,hypothetical protein
WP_332578609_neighbors.csv,WP_332578609.1,WP_332578608.1,downstream,hypothetical protein
WP_247152052_neighbors.csv,WP_247152052.1,WP_247152053.1,downstream,hypothetical protein
WP_332679047_neighbors.csv,WP_332679047.1,WP_332679050.1,downstream,hypothetical protein
WP_332679047_neighbors.csv,WP_332679047.1,WP_332679052.1,downstream,hypothetical protein
WP_337211743_neighbors.csv,WP_337211743.1,WP_337211742.1,upstream,hypothetical protein
WP_337211743_neighbors.csv,WP_337211743.1,WP_337211744.1,downstream,P-loop NTPase fold protein
WP_302280787_neighbors.csv,WP_302280787.1,WP_302280788.1,downstream,hypothetical protein
WP_358056290_neighbors.csv,WP_358056290.1,WP_358056292.1,downstream,hypothetical protein
WP_271342746_neighbors.csv,WP_271342746.1,WP_271342745.1,downstream,hypothetical protein
WP_231527658_neighbors.csv,WP_231527658.1,WP_231527659.1,downstream,hypothetical protein
WP_375222484_neighbors.csv,WP_375222484.1,WP_329601897.1,upstream,hypothetical protein
WP_191077687_neighbors.csv,WP_191077687.1,WP_191077686.1,upstream,hypothetical protein
WP_249534032_neighbors.csv,WP_249534032.1,WP_249534031.1,downstream,hypothetical protein
WP_346981556_neighbors.csv,WP_346981556.1,WP_138297004.1,downstream,hypothetical protein
WP_228023574_neighbors.csv,WP_228023574.1,WP_228023580.1,upstream,P-loop NTPase fold protein
WP_246842276_neighbors.csv,WP_246842276.1,WP_246842274.1,upstream,hypothetical protein
WP_246842276_neighbors.csv,WP_246842276.1,WP_246842275.1,upstream,hypothetical protein
WP_331716283_neighbors.csv,WP_331716283.1,WP_101377910.1,downstream,hypothetical protein
WP_255597447_neighbors.csv,WP_255597447.1,WP_375336885.1,downstream,hypothetical protein
WP_255597447_neighbors.csv,WP_255597447.1,WP_255597449.1,downstream,hypothetical protein
WP_346352369_neighbors.csv,WP_346352369.1,WP_346352367.1,upstream,hypothetical protein
WP_369691315_neighbors.csv,WP_369691315.1,WP_256359760.1,downstream,DNA-binding protein
WP_337211744_neighbors.csv,WP_337211744.1,WP_337211742.1,upstream,hypothetical protein
WP_337211744_neighbors.csv,WP_337211744.1,WP_337211743.1,upstream,hypothetical protein
WP_368092249_neighbors.csv,WP_368092249.1,WP_138297004.1,downstream,hypothetical protein
WP_407259533_neighbors.csv,WP_407259533.1,WP_407259124.1,upstream,hypothetical protein
WP_407259533_neighbors.csv,WP_407259533.1,WP_407259125.1,downstream,hypothetical protein
WP_147348911_neighbors.csv,WP_147348911.1,WP_118370843.1,downstream,hypothetical protein
WP_180814337_neighbors.csv,WP_180814337.1,WP_227515271.1,downstream,P-loop NTPase fold protein
WP_180814337_neighbors.csv,WP_180814337.1,WP_226339348.1,downstream,P-loop NTPase fold protein
WP_180814337_neighbors.csv,WP_180814337.1,WP_256769287.1,downstream,P-loop NTPase fold protein
WP_180814337_neighbors.csv,WP_180814337.1,WP_253990845.1,downstream,P-loop NTPase fold protein
WP_317580146_neighbors.csv,WP_317580146.1,WP_317580145.1,downstream,hypothetical protein
WP_259272204_neighbors.csv,WP_259272204.1,WP_374221955.1,upstream,hypothetical protein
WP_259272204_neighbors.csv,WP_259272204.1,WP_259272203.1,upstream,hypothetical protein
WP_312216039_neighbors.csv,WP_312216039.1,WP_312216035.1,upstream,hypothetical protein
WP_265496313_neighbors.csv,WP_265496313.1,WP_409231151.1,downstream,hypothetical protein
WP_265496313_neighbors.csv,WP_265496313.1,WP_265496319.1,downstream,hypothetical protein
WP_124040463_neighbors.csv,WP_124040463.1,WP_228709504.1,downstream,hypothetical protein
WP_124040463_neighbors.csv,WP_124040463.1,WP_407251314.1,downstream,hypothetical protein
WP_124040463_neighbors.csv,WP_124040463.1,WP_407251256.1,downstream,hypothetical protein
WP_349251982_neighbors.csv,WP_349251982.1,WP_248784181.1,downstream,hypothetical protein
WP_378235515_neighbors.csv,WP_378235515.1,WP_378235514.1,downstream,hypothetical protein
WP_378235515_neighbors.csv,WP_378235515.1,WP_378235516.1,downstream,hypothetical protein
WP_257123131_neighbors.csv,WP_257123131.1,WP_257123132.1,downstream,P-loop NTPase fold protein
WP_256359760_neighbors.csv,WP_256359760.1,WP_369691315.1,upstream,hypothetical protein
WP_147788642_neighbors.csv,WP_147788642.1,WP_147788643.1,downstream,P-loop NTPase fold protein
WP_240616130_neighbors.csv,WP_240616130.1,WP_167390208.1,upstream,ATP-binding protein
WP_367244421_neighbors.csv,WP_367244421.1,WP_291631742.1,downstream,hypothetical protein
WP_134658159_neighbors.csv,WP_134658159.1,WP_167769315.1,downstream,P-loop NTPase fold protein
WP_227538379_neighbors.csv,WP_227538379.1,WP_210408756.1,upstream,hypothetical protein
WP_227538379_neighbors.csv,WP_227538379.1,WP_259272383.1,upstream,hypothetical protein
WP_227538379_neighbors.csv,WP_227538379.1,WP_262361641.1,upstream,hypothetical protein
WP_118615442_neighbors.csv,WP_118615442.1,WP_118615440.1,downstream,hypothetical protein
WP_080022188_neighbors.csv,WP_080022188.1,WP_080022187.1,upstream,hypothetical protein
WP_166137735_neighbors.csv,WP_166137735.1,WP_166137738.1,downstream,hypothetical protein
WP_286488962_neighbors.csv,WP_286488962.1,WP_286488964.1,downstream,hypothetical protein
WP_236941986_neighbors.csv,WP_236941986.1,WP_236941985.1,upstream,hypothetical protein
WP_237113177_neighbors.csv,WP_237113177.1,WP_237113178.1,downstream,hypothetical protein
WP_322973493_neighbors.csv,WP_322973493.1,WP_248784181.1,downstream,hypothetical protein
WP_279460459_neighbors.csv,WP_279460459.1,WP_341536418.1,upstream,hypothetical protein
WP_368471378_neighbors.csv,WP_368471378.1,WP_228709039.1,downstream,hypothetical protein
WP_287303136_neighbors.csv,WP_287303136.1,WP_287303138.1,downstream,hypothetical protein
WP_241033306_neighbors.csv,WP_241033306.1,WP_338106985.1,upstream,hypothetical protein
WP_228023580_neighbors.csv,WP_228023580.1,WP_228023574.1,downstream,hypothetical protein
WP_039525475_neighbors.csv,WP_039525475.1,WP_039525471.1,upstream,hypothetical protein
WP_339484389_neighbors.csv,WP_339484389.1,WP_339484391.1,downstream,hypothetical protein
WP_236130785_neighbors.csv,WP_236130785.1,WP_236130784.1,upstream,hypothetical protein
WP_392559456_neighbors.csv,WP_392559456.1,WP_392559455.1,upstream,hypothetical protein
WP_223080513_neighbors.csv,WP_223080513.1,WP_223080512.1,upstream,hypothetical protein
WP_322339629_neighbors.csv,WP_322339629.1,WP_322339625.1,upstream,P-loop NTPase fold protein
WP_222952436_neighbors.csv,WP_222952436.1,WP_222952439.1,downstream,hypothetical protein
WP_222952436_neighbors.csv,WP_222952436.1,WP_222952440.1,downstream,hypothetical protein
WP_072980546_neighbors.csv,WP_072980546.1,WP_072980545.1,upstream,hypothetical protein
WP_039525471_neighbors.csv,WP_039525471.1,WP_039525475.1,downstream,hypothetical protein
WP_072693693_neighbors.csv,WP_072693693.1,WP_072693696.1,downstream,hypothetical protein
WP_232536210_neighbors.csv,WP_232536210.1,WP_232536208.1,upstream,hypothetical protein
WP_228267452_neighbors.csv,WP_228267452.1,WP_228267451.1,upstream,hypothetical protein
WP_369024705_neighbors.csv,WP_369024705.1,WP_369024707.1,downstream,hypothetical protein
WP_185428257_neighbors.csv,WP_185428257.1,WP_185428258.1,downstream,hypothetical protein
WP_340125808_neighbors.csv,WP_340125808.1,WP_340125809.1,downstream,DNA-binding protein
WP_077856668_neighbors.csv,WP_077856668.1,WP_077857007.1,upstream,hypothetical protein
WP_118370843_neighbors.csv,WP_118370843.1,WP_147348911.1,upstream,hypothetical protein
WP_251301791_neighbors.csv,WP_251301791.1,WP_231530261.1,downstream,hypothetical protein
WP_063455856_neighbors.csv,WP_063455856.1,WP_252866462.1,downstream,hypothetical protein
WP_277839544_neighbors.csv,WP_277839544.1,WP_324826158.1,upstream,hypothetical protein
WP_400452636_neighbors.csv,WP_400452636.1,WP_400452634.1,upstream,hypothetical protein
WP_026764597_neighbors.csv,WP_026764597.1,WP_026764596.1,upstream,hypothetical protein
WP_023702787_neighbors.csv,WP_023702787.1,WP_023702786.1,upstream,hypothetical protein
WP_249928821_neighbors.csv,WP_249928821.1,WP_231793536.1,upstream,hypothetical protein
WP_249928821_neighbors.csv,WP_249928821.1,WP_349665052.1,upstream,hypothetical protein
WP_348580155_neighbors.csv,WP_348580155.1,WP_348580157.1,downstream,hypothetical protein
WP_353177924_neighbors.csv,WP_353177924.1,WP_353177926.1,downstream,hypothetical protein
WP_320769106_neighbors.csv,WP_320769106.1,WP_320769107.1,downstream,hypothetical protein
WP_347452325_neighbors.csv,WP_347452325.1,WP_347452326.1,downstream,hypothetical protein
WP_245483271_neighbors.csv,WP_245483271.1,WP_245483272.1,downstream,hypothetical protein
WP_245483271_neighbors.csv,WP_245483271.1,WP_348629873.1,downstream,hypothetical protein
WP_232627577_neighbors.csv,WP_232627577.1,WP_232627578.1,downstream,hypothetical protein
WP_287303138_neighbors.csv,WP_287303138.1,WP_287303136.1,downstream,P-loop NTPase fold protein
WP_331687766_neighbors.csv,WP_331687766.1,WP_331687765.1,downstream,hypothetical protein
WP_258962584_neighbors.csv,WP_258962584.1,WP_258962585.1,downstream,hypothetical protein
WP_225395866_neighbors.csv,WP_225395866.1,WP_225395865.1,downstream,hypothetical protein
WP_050592433_neighbors.csv,WP_050592433.1,WP_348625836.1,downstream,hypothetical protein
WP_191918210_neighbors.csv,WP_191918210.1,WP_191918211.1,downstream,P-loop NTPase fold protein
WP_369098563_neighbors.csv,WP_369098563.1,WP_369098562.1,upstream,hypothetical protein
WP_274122697_neighbors.csv,WP_274122697.1,WP_274122695.1,upstream,hypothetical protein
WP_332560846_neighbors.csv,WP_332560846.1,WP_332560845.1,upstream,hypothetical protein
WP_270462657_neighbors.csv,WP_270462657.1,WP_333519608.1,upstream,hypothetical protein
WP_378803206_neighbors.csv,WP_378803206.1,WP_378803205.1,upstream,hypothetical protein
WP_289241161_neighbors.csv,WP_289241161.1,WP_289241162.1,downstream,hypothetical protein
WP_142956017_neighbors.csv,WP_142956017.1,WP_376765587.1,downstream,hypothetical protein
WP_228709039_neighbors.csv,WP_228709039.1,WP_228730065.1,upstream,hypothetical protein
WP_228709039_neighbors.csv,WP_228709039.1,WP_228709038.1,upstream,hypothetical protein
WP_228709039_neighbors.csv,WP_228709039.1,WP_250391431.1,downstream,hypothetical protein
WP_228709039_neighbors.csv,WP_228709039.1,WP_368471378.1,upstream,hypothetical protein
WP_286404597_neighbors.csv,WP_286404597.1,WP_286404600.1,downstream,hypothetical protein
WP_251950508_neighbors.csv,WP_251950508.1,WP_350028107.1,upstream,hypothetical protein
WP_193547010_neighbors.csv,WP_193547010.1,WP_193547011.1,downstream,P-loop NTPase fold protein
WP_228710992_neighbors.csv,WP_228710992.1,WP_228710994.1,downstream,hypothetical protein
WP_228710992_neighbors.csv,WP_228710992.1,WP_228710995.1,downstream,hypothetical protein
WP_169057873_neighbors.csv,WP_169057873.1,WP_169057872.1,upstream,hypothetical protein
WP_259652724_neighbors.csv,WP_259652724.1,WP_259652723.1,downstream,pcar
WP_407906407_neighbors.csv,WP_407906407.1,WP_407906406.1,upstream,hypothetical protein
WP_252866462_neighbors.csv,WP_252866462.1,WP_063455856.1,downstream,hypothetical protein
WP_367144218_neighbors.csv,WP_367144218.1,WP_367144217.1,upstream,hypothetical protein
WP_240016793_neighbors.csv,WP_240016793.1,WP_341775342.1,downstream,hypothetical protein
WP_228477421_neighbors.csv,WP_228477421.1,WP_228477420.1,upstream,hypothetical protein
WP_227627403_neighbors.csv,WP_227627403.1,WP_227627404.1,downstream,hypothetical protein
WP_392440335_neighbors.csv,WP_392440335.1,WP_392440336.1,downstream,hypothetical protein
WP_308525843_neighbors.csv,WP_308525843.1,WP_308525842.1,upstream,hypothetical protein
WP_167803807_neighbors.csv,WP_167803807.1,WP_167803806.1,upstream,P-loop NTPase fold protein
WP_270545754_neighbors.csv,WP_270545754.1,WP_270545755.1,downstream,hypothetical protein
WP_199961117_neighbors.csv,WP_199961117.1,WP_199961118.1,downstream,P-loop NTPase fold protein
WP_316364037_neighbors.csv,WP_316364037.1,WP_316364038.1,downstream,hypothetical protein
WP_270788738_neighbors.csv,WP_270788738.1,WP_270788739.1,downstream,hypothetical protein
WP_050747991_neighbors.csv,WP_050747991.1,WP_050747990.1,downstream,hypothetical protein
WP_265496319_neighbors.csv,WP_265496319.1,WP_265496313.1,upstream,hypothetical protein
WP_265496319_neighbors.csv,WP_265496319.1,WP_409231151.1,downstream,hypothetical protein
WP_240733373_neighbors.csv,WP_240733373.1,WP_240733372.1,upstream,hypothetical protein
WP_309998798_neighbors.csv,WP_309998798.1,WP_309998799.1,downstream,hypothetical protein
WP_339649860_neighbors.csv,WP_339649860.1,WP_339649862.1,downstream,DNA-binding protein
WP_252514363_neighbors.csv,WP_252514363.1,WP_252514362.1,upstream,hypothetical protein
WP_274720579_neighbors.csv,WP_274720579.1,WP_274720578.1,downstream,hypothetical protein
WP_277446040_neighbors.csv,WP_277446040.1,WP_247146909.1,downstream,hypothetical protein
WP_255212045_neighbors.csv,WP_255212045.1,WP_255212044.1,downstream,hypothetical protein
WP_378003246_neighbors.csv,WP_378003246.1,WP_378003247.1,downstream,P-loop NTPase fold protein
WP_225370228_neighbors.csv,WP_225370228.1,WP_225370227.1,upstream,hypothetical protein
WP_225370228_neighbors.csv,WP_225370228.1,WP_225370230.1,downstream,hypothetical protein
WP_407858515_neighbors.csv,WP_407858515.1,WP_407858432.1,downstream,hypothetical protein
WP_341536464_neighbors.csv,WP_341536464.1,WP_279475432.1,upstream,hypothetical protein
WP_341536464_neighbors.csv,WP_341536464.1,WP_341536481.1,downstream,hypothetical protein
WP_313479617_neighbors.csv,WP_313479617.1,WP_313479614.1,upstream,P-loop NTPase fold protein
WP_409071510_neighbors.csv,WP_409071510.1,WP_311040696.1,upstream,pcar domain protein
WP_409071510_neighbors.csv,WP_409071510.1,WP_252514362.1,downstream,hypothetical protein
WP_409071510_neighbors.csv,WP_409071510.1,WP_311040698.1,downstream,hypothetical protein
WP_255597449_neighbors.csv,WP_255597449.1,WP_255597447.1,upstream,hypothetical protein
WP_255597449_neighbors.csv,WP_255597449.1,WP_375336885.1,upstream,hypothetical protein
WP_001559860_neighbors.csv,WP_001559860.1,WP_243053487.1,upstream,hypothetical protein
WP_001559860_neighbors.csv,WP_001559860.1,WP_249423630.1,upstream,hypothetical protein
WP_346352367_neighbors.csv,WP_346352367.1,WP_346352369.1,downstream,hypothetical protein
WP_133092126_neighbors.csv,WP_133092126.1,WP_094601533.1,downstream,hypothetical protein
WP_133092126_neighbors.csv,WP_133092126.1,WP_133092127.1,downstream,hypothetical protein
WP_241223931_neighbors.csv,WP_241223931.1,WP_241223930.1,downstream,hypothetical protein
WP_250115251_neighbors.csv,WP_250115251.1,WP_250115250.1,upstream,hypothetical protein
WP_250115251_neighbors.csv,WP_250115251.1,WP_250115252.1,downstream,hypothetical protein
WP_006086307_neighbors.csv,WP_006086307.1,WP_006086306.1,upstream,hypothetical protein
WP_407259125_neighbors.csv,WP_407259125.1,WP_407259124.1,upstream,hypothetical protein
WP_407259125_neighbors.csv,WP_407259125.1,WP_407259533.1,upstream,hypothetical protein
WP_251361772_neighbors.csv,WP_251361772.1,WP_251361773.1,downstream,hypothetical protein
WP_251361772_neighbors.csv,WP_251361772.1,WP_251361775.1,downstream,hypothetical protein
WP_372433453_neighbors.csv,WP_372433453.1,WP_372433454.1,downstream,hypothetical protein
WP_235284814_neighbors.csv,WP_235284814.1,WP_235284815.1,downstream,hypothetical protein
WP_400840539_neighbors.csv,WP_400840539.1,WP_400840538.1,downstream,hypothetical protein
WP_277156275_neighbors.csv,WP_277156275.1,WP_277156276.1,downstream,hypothetical protein
WP_228712064_neighbors.csv,WP_228712064.1,WP_228712065.1,downstream,hypothetical protein
WP_228712064_neighbors.csv,WP_228712064.1,WP_228712786.1,downstream,hypothetical protein
WP_228712064_neighbors.csv,WP_228712064.1,WP_323807818.1,downstream,hypothetical protein
WP_089014502_neighbors.csv,WP_089014502.1,WP_089014503.1,downstream,hypothetical protein
WP_248784181_neighbors.csv,WP_248784181.1,WP_349251642.1,downstream,pcar
WP_248784181_neighbors.csv,WP_248784181.1,WP_322973493.1,downstream,pcar
WP_248784181_neighbors.csv,WP_248784181.1,WP_349251982.1,downstream,pcar
WP_285827101_neighbors.csv,WP_285827101.1,WP_285827102.1,downstream,P-loop NTPase fold protein
WP_265003198_neighbors.csv,WP_265003198.1,WP_265003197.1,upstream,hypothetical protein
WP_213923223_neighbors.csv,WP_213923223.1,WP_347813926.1,upstream,hypothetical protein
WP_257965518_neighbors.csv,WP_257965518.1,WP_227549693.1,downstream,hypothetical protein
WP_228496539_neighbors.csv,WP_228496539.1,WP_228496541.1,downstream,hypothetical protein
WP_346802862_neighbors.csv,WP_346802862.1,WP_346802863.1,downstream,hypothetical protein
WP_228308203_neighbors.csv,WP_228308203.1,WP_228308204.1,downstream,DNA-binding protein
WP_228308203_neighbors.csv,WP_228308203.1,WP_270981301.1,downstream,DNA-binding protein
WP_228308203_neighbors.csv,WP_228308203.1,WP_239647792.1,downstream,DNA-binding protein
WP_221364346_neighbors.csv,WP_221364346.1,WP_183984910.1,downstream,hypothetical protein
WP_302498320_neighbors.csv,WP_302498320.1,WP_302498321.1,downstream,hypothetical protein
WP_349251642_neighbors.csv,WP_349251642.1,WP_248784181.1,downstream,hypothetical protein
WP_119525418_neighbors.csv,WP_119525418.1,WP_119525417.1,upstream,hypothetical protein
WP_353395125_neighbors.csv,WP_353395125.1,WP_353395123.1,upstream,hypothetical protein
WP_370751179_neighbors.csv,WP_370751179.1,WP_370751178.1,downstream,hypothetical protein
WP_372433454_neighbors.csv,WP_372433454.1,WP_372433453.1,downstream,DNA-binding protein
WP_251361775_neighbors.csv,WP_251361775.1,WP_251361772.1,upstream,hypothetical protein
WP_251361775_neighbors.csv,WP_251361775.1,WP_251361773.1,upstream,hypothetical protein
WP_341472629_neighbors.csv,WP_341472629.1,WP_142413860.1,upstream,hypothetical protein
WP_239647200_neighbors.csv,WP_239647200.1,WP_239647199.1,upstream,hypothetical protein
WP_110606500_neighbors.csv,WP_110606500.1,WP_110606501.1,downstream,hypothetical protein
WP_392440336_neighbors.csv,WP_392440336.1,WP_392440335.1,upstream,P-loop NTPase fold protein
WP_264752710_neighbors.csv,WP_264752710.1,WP_264752709.1,upstream,hypothetical protein
WP_313479614_neighbors.csv,WP_313479614.1,WP_313479617.1,downstream,hypothetical protein
WP_271423236_neighbors.csv,WP_271423236.1,WP_271423237.1,downstream,hypothetical protein
WP_228308204_neighbors.csv,WP_228308204.1,WP_228308203.1,downstream,hypothetical protein
WP_315683057_neighbors.csv,WP_315683057.1,WP_315683058.1,downstream,hypothetical protein
WP_119225658_neighbors.csv,WP_119225658.1,WP_119225659.1,downstream,hypothetical protein
WP_277156276_neighbors.csv,WP_277156276.1,WP_277156275.1,downstream,hypothetical protein
WP_250376679_neighbors.csv,WP_250376679.1,WP_236941985.1,upstream,hypothetical protein
WP_250376679_neighbors.csv,WP_250376679.1,WP_250376678.1,downstream,hypothetical protein
WP_251258108_neighbors.csv,WP_251258108.1,WP_251258109.1,downstream,pcar
WP_228730065_neighbors.csv,WP_228730065.1,WP_228709039.1,downstream,hypothetical protein
WP_155979077_neighbors.csv,WP_155979077.1,WP_016323765.1,upstream,hypothetical protein
WP_155979077_neighbors.csv,WP_155979077.1,WP_016323767.1,downstream,hypothetical protein
WP_097426660_neighbors.csv,WP_097426660.1,WP_097426659.1,upstream,hypothetical protein
WP_119973129_neighbors.csv,WP_119973129.1,WP_119973127.1,upstream,hypothetical protein
WP_227165825_neighbors.csv,WP_227165825.1,WP_227165824.1,downstream,hypothetical protein
WP_332424139_neighbors.csv,WP_332424139.1,WP_332424138.1,downstream,hypothetical protein
WP_408850818_neighbors.csv,WP_408850818.1,WP_408850817.1,downstream,hypothetical protein
WP_250115252_neighbors.csv,WP_250115252.1,WP_250115250.1,upstream,hypothetical protein
WP_250115252_neighbors.csv,WP_250115252.1,WP_250115251.1,upstream,hypothetical protein
WP_240022541_neighbors.csv,WP_240022541.1,WP_341775342.1,downstream,hypothetical protein
WP_272842928_neighbors.csv,WP_272842928.1,WP_272842929.1,downstream,hypothetical protein
WP_009568428_neighbors.csv,WP_009568428.1,WP_009568427.1,upstream,hypothetical protein
WP_166137738_neighbors.csv,WP_166137738.1,WP_166137735.1,downstream,hypothetical protein
WP_332416413_neighbors.csv,WP_332416413.1,WP_332416411.1,upstream,hypothetical protein
WP_245394177_neighbors.csv,WP_245394177.1,WP_245394175.1,upstream,hypothetical protein
WP_245394177_neighbors.csv,WP_245394177.1,WP_245394176.1,downstream,hypothetical protein
WP_319567961_neighbors.csv,WP_319567961.1,WP_319567963.1,downstream,hypothetical protein
WP_016323767_neighbors.csv,WP_016323767.1,WP_016323765.1,upstream,hypothetical protein
WP_016323767_neighbors.csv,WP_016323767.1,WP_155979077.1,upstream,hypothetical protein
WP_128288667_neighbors.csv,WP_128288667.1,WP_128288666.1,upstream,hypothetical protein
WP_285827102_neighbors.csv,WP_285827102.1,WP_285827101.1,downstream,hypothetical protein
WP_257645347_neighbors.csv,WP_257645347.1,WP_257645346.1,upstream,hypothetical protein
WP_240022251_neighbors.csv,WP_240022251.1,WP_341775342.1,downstream,hypothetical protein
WP_331687765_neighbors.csv,WP_331687765.1,WP_331687766.1,downstream,hypothetical protein
WP_345331478_neighbors.csv,WP_345331478.1,WP_345331477.1,upstream,hypothetical protein
WP_245483272_neighbors.csv,WP_245483272.1,WP_245483271.1,downstream,hypothetical protein
WP_245483272_neighbors.csv,WP_245483272.1,WP_348629873.1,downstream,hypothetical protein
WP_347452326_neighbors.csv,WP_347452326.1,WP_347452325.1,upstream,hypothetical protein
WP_191554876_neighbors.csv,WP_191554876.1,WP_191554877.1,downstream,hypothetical protein
WP_167390208_neighbors.csv,WP_167390208.1,WP_240616130.1,downstream,P-loop NTPase fold protein
WP_311752783_neighbors.csv,WP_311752783.1,WP_311752782.1,downstream,hypothetical protein
WP_005845918_neighbors.csv,WP_005845918.1,WP_005845920.1,downstream,hypothetical protein
WP_378803205_neighbors.csv,WP_378803205.1,WP_378803206.1,downstream,hypothetical protein
WP_228710995_neighbors.csv,WP_228710995.1,WP_228710992.1,upstream,hypothetical protein
WP_228710995_neighbors.csv,WP_228710995.1,WP_228710994.1,upstream,hypothetical protein
WP_332560845_neighbors.csv,WP_332560845.1,WP_332560846.1,downstream,hypothetical protein
WP_144825113_neighbors.csv,WP_144825113.1,WP_144825112.1,upstream,hypothetical protein
WP_270981301_neighbors.csv,WP_270981301.1,WP_228308203.1,upstream,hypothetical protein
WP_253990845_neighbors.csv,WP_253990845.1,WP_180814337.1,downstream,hypothetical protein
WP_259652723_neighbors.csv,WP_259652723.1,WP_259652724.1,downstream,hypothetical protein
WP_138297004_neighbors.csv,WP_138297004.1,WP_368092249.1,downstream,hypothetical protein
WP_138297004_neighbors.csv,WP_138297004.1,WP_368109294.1,downstream,hypothetical protein
WP_138297004_neighbors.csv,WP_138297004.1,WP_324248966.1,downstream,hypothetical protein
WP_138297004_neighbors.csv,WP_138297004.1,WP_346967983.1,downstream,hypothetical protein
WP_138297004_neighbors.csv,WP_138297004.1,WP_346980229.1,downstream,hypothetical protein
WP_138297004_neighbors.csv,WP_138297004.1,WP_346981556.1,downstream,hypothetical protein
WP_307444932_neighbors.csv,WP_307444932.1,WP_307444934.1,downstream,hypothetical protein
WP_225395865_neighbors.csv,WP_225395865.1,WP_225395866.1,downstream,hypothetical protein
WP_228710025_neighbors.csv,WP_228710025.1,WP_228710024.1,upstream,hypothetical protein
WP_231210559_neighbors.csv,WP_231210559.1,WP_247146909.1,downstream,hypothetical protein
WP_260440237_neighbors.csv,WP_260440237.1,WP_260440236.1,upstream,pcar
WP_227627404_neighbors.csv,WP_227627404.1,WP_227627403.1,downstream,hypothetical protein
WP_353845236_neighbors.csv,WP_353845236.1,WP_287656070.1,downstream,hypothetical protein
WP_225392418_neighbors.csv,WP_225392418.1,WP_225392419.1,downstream,P-loop NTPase fold protein
WP_225392418_neighbors.csv,WP_225392418.1,WP_252093937.1,upstream,P-loop NTPase fold protein
WP_369692066_neighbors.csv,WP_369692066.1,WP_236579322.1,downstream,hypothetical protein
WP_228594996_neighbors.csv,WP_228594996.1,WP_228594998.1,downstream,hypothetical protein
WP_088660282_neighbors.csv,WP_088660282.1,WP_144065936.1,downstream,hypothetical protein
WP_347008656_neighbors.csv,WP_347008656.1,WP_347008657.1,upstream,hypothetical protein
WP_367062471_neighbors.csv,WP_367062471.1,WP_367062474.1,downstream,hypothetical protein
WP_289241162_neighbors.csv,WP_289241162.1,WP_289241161.1,upstream,P-loop NTPase fold protein
WP_259272383_neighbors.csv,WP_259272383.1,WP_227538379.1,downstream,P-loop NTPase fold protein
WP_312403727_neighbors.csv,WP_312403727.1,WP_312403729.1,downstream,hypothetical protein
WP_239647792_neighbors.csv,WP_239647792.1,WP_228308203.1,downstream,hypothetical protein
WP_197477851_neighbors.csv,WP_197477851.1,WP_197477850.1,upstream,hypothetical protein
WP_286216934_neighbors.csv,WP_286216934.1,WP_286216935.1,downstream,hypothetical protein
WP_407245418_neighbors.csv,WP_407245418.1,WP_407245475.1,upstream,DNA-binding protein
WP_034965611_neighbors.csv,WP_034965611.1,WP_034965613.1,downstream,hypothetical protein
WP_407858432_neighbors.csv,WP_407858432.1,WP_407858515.1,downstream,hypothetical protein
WP_249509501_neighbors.csv,WP_249509501.1,WP_231793536.1,downstream,hypothetical protein
WP_338106985_neighbors.csv,WP_338106985.1,WP_241033306.1,downstream,hypothetical protein
WP_231530261_neighbors.csv,WP_231530261.1,WP_251301791.1,downstream,hypothetical protein
WP_001303378_neighbors.csv,WP_001303378.1,WP_317458270.1,upstream,hypothetical protein
WP_128288666_neighbors.csv,WP_128288666.1,WP_128288667.1,downstream,ATP-binding protein
WP_257645346_neighbors.csv,WP_257645346.1,WP_257645347.1,downstream,hypothetical protein
WP_272842929_neighbors.csv,WP_272842929.1,WP_272842928.1,upstream,hypothetical protein
WP_343439078_neighbors.csv,WP_343439078.1,WP_343439077.1,upstream,hypothetical protein
WP_395348367_neighbors.csv,WP_395348367.1,WP_395348369.1,downstream,ATP-binding protein
WP_265217876_neighbors.csv,WP_265217876.1,WP_409418700.1,upstream,P-loop NTPase fold protein
WP_265217876_neighbors.csv,WP_265217876.1,WP_265217875.1,upstream,P-loop NTPase fold protein
WP_249423630_neighbors.csv,WP_249423630.1,WP_243053487.1,downstream,hypothetical protein
WP_249423630_neighbors.csv,WP_249423630.1,WP_001559860.1,downstream,hypothetical protein
WP_245394176_neighbors.csv,WP_245394176.1,WP_245394175.1,upstream,hypothetical protein
WP_245394176_neighbors.csv,WP_245394176.1,WP_245394177.1,downstream,hypothetical protein
WP_201705510_neighbors.csv,WP_201705510.1,WP_338124896.1,downstream,hypothetical protein
WP_183984910_neighbors.csv,WP_183984910.1,WP_221364346.1,downstream,hypothetical protein
WP_227165824_neighbors.csv,WP_227165824.1,WP_227165825.1,downstream,hypothetical protein
WP_312216035_neighbors.csv,WP_312216035.1,WP_312216039.1,downstream,P-loop NTPase fold protein
WP_332424138_neighbors.csv,WP_332424138.1,WP_332424139.1,downstream,hypothetical protein
WP_117899108_neighbors.csv,WP_117899108.1,WP_220450673.1,upstream,hypothetical protein
WP_311205089_neighbors.csv,WP_311205089.1,WP_311205090.1,downstream,hypothetical protein
WP_251258109_neighbors.csv,WP_251258109.1,WP_251258108.1,downstream,hypothetical protein
WP_348629873_neighbors.csv,WP_348629873.1,WP_245461016.1,downstream,ATP-binding protein
WP_348629873_neighbors.csv,WP_348629873.1,WP_245483271.1,upstream,hypothetical protein
WP_348629873_neighbors.csv,WP_348629873.1,WP_245483272.1,downstream,hypothetical protein
WP_119225659_neighbors.csv,WP_119225659.1,WP_119225658.1,upstream,hypothetical protein
WP_250376678_neighbors.csv,WP_250376678.1,WP_236941985.1,upstream,hypothetical protein
WP_250376678_neighbors.csv,WP_250376678.1,WP_250376679.1,downstream,hypothetical protein
WP_162126401_neighbors.csv,WP_162126401.1,WP_394350920.1,downstream,hypothetical protein
WP_373859701_neighbors.csv,WP_373859701.1,WP_373859702.1,downstream,hypothetical protein
WP_136086445_neighbors.csv,WP_136086445.1,WP_136086446.1,downstream,P-loop NTPase fold protein
WP_231793536_neighbors.csv,WP_231793536.1,WP_349665052.1,downstream,hypothetical protein
WP_231793536_neighbors.csv,WP_231793536.1,WP_249928821.1,downstream,hypothetical protein
WP_231793536_neighbors.csv,WP_231793536.1,WP_249509501.1,downstream,pcar
WP_373256054_neighbors.csv,WP_373256054.1,WP_373255399.1,downstream,hypothetical protein
WP_375336885_neighbors.csv,WP_375336885.1,WP_255597447.1,upstream,hypothetical protein
WP_375336885_neighbors.csv,WP_375336885.1,WP_255597449.1,downstream,hypothetical protein
WP_243053487_neighbors.csv,WP_243053487.1,WP_249423630.1,downstream,hypothetical protein
WP_243053487_neighbors.csv,WP_243053487.1,WP_001559860.1,downstream,hypothetical protein
WP_243053487_neighbors.csv,WP_243053487.1,WP_243053488.1,downstream,hypothetical protein
WP_228299879_neighbors.csv,WP_228299879.1,WP_227515271.1,downstream,P-loop NTPase fold protein
WP_230577281_neighbors.csv,WP_230577281.1,WP_230577282.1,downstream,hypothetical protein
WP_324078736_neighbors.csv,WP_324078736.1,WP_324078735.1,upstream,hypothetical protein
WP_271423237_neighbors.csv,WP_271423237.1,WP_271423236.1,upstream,hypothetical protein
WP_232627596_neighbors.csv,WP_232627596.1,WP_232627595.1,downstream,DNA-binding protein
WP_370751178_neighbors.csv,WP_370751178.1,WP_370751179.1,downstream,hypothetical protein
WP_373129109_neighbors.csv,WP_373129109.1,WP_373129110.1,downstream,hypothetical protein
WP_110606501_neighbors.csv,WP_110606501.1,WP_110606500.1,downstream,hypothetical protein
WP_193759603_neighbors.csv,WP_193759603.1,WP_129902104.1,downstream,hypothetical protein
WP_302498321_neighbors.csv,WP_302498321.1,WP_302498320.1,downstream,hypothetical protein
WP_339649862_neighbors.csv,WP_339649862.1,WP_339649860.1,upstream,hypothetical protein
WP_369073307_neighbors.csv,WP_369073307.1,WP_124752488.1,downstream,hypothetical protein
WP_323169436_neighbors.csv,WP_323169436.1,WP_323169435.1,downstream,hypothetical protein
WP_342365430_neighbors.csv,WP_342365430.1,WP_244586515.1,downstream,pcar domain protein
WP_197477850_neighbors.csv,WP_197477850.1,WP_197477851.1,downstream,hypothetical protein
WP_286216935_neighbors.csv,WP_286216935.1,WP_286216934.1,downstream,P-loop NTPase fold protein
WP_174796453_neighbors.csv,WP_174796453.1,WP_174796454.1,downstream,hypothetical protein
WP_347008657_neighbors.csv,WP_347008657.1,WP_347008656.1,downstream,hypothetical protein
WP_306248111_neighbors.csv,WP_306248111.1,WP_306248109.1,downstream,hypothetical protein
WP_307219908_neighbors.csv,WP_307219908.1,WP_307219905.1,downstream,hypothetical protein
WP_161808379_neighbors.csv,WP_161808379.1,WP_152984852.1,downstream,hypothetical protein
WP_341536481_neighbors.csv,WP_341536481.1,WP_279475432.1,upstream,hypothetical protein
WP_341536481_neighbors.csv,WP_341536481.1,WP_341536464.1,downstream,hypothetical protein
WP_409231151_neighbors.csv,WP_409231151.1,WP_265496313.1,upstream,hypothetical protein
WP_409231151_neighbors.csv,WP_409231151.1,WP_265496319.1,downstream,hypothetical protein
WP_153986411_neighbors.csv,WP_153986411.1,WP_153986412.1,downstream,hypothetical protein
WP_225392419_neighbors.csv,WP_225392419.1,WP_225392418.1,downstream,hypothetical protein
WP_323807818_neighbors.csv,WP_323807818.1,WP_228712064.1,upstream,hypothetical protein
WP_323807818_neighbors.csv,WP_323807818.1,WP_228712786.1,upstream,hypothetical protein
WP_253269421_neighbors.csv,WP_253269421.1,WP_228380910.1,downstream,YobI family P-loop NTPase
WP_260440236_neighbors.csv,WP_260440236.1,WP_260440237.1,downstream,hypothetical protein
WP_323848557_neighbors.csv,WP_323848557.1,WP_228723001.1,downstream,hypothetical protein
WP_228710024_neighbors.csv,WP_228710024.1,WP_228710025.1,downstream,P-loop NTPase fold protein
WP_163455008_neighbors.csv,WP_163455008.1,WP_163455010.1,downstream,P-loop NTPase fold protein
WP_150289548_neighbors.csv,WP_150289548.1,WP_150289547.1,upstream,hypothetical protein
WP_228710994_neighbors.csv,WP_228710994.1,WP_228710992.1,upstream,hypothetical protein
WP_228710994_neighbors.csv,WP_228710994.1,WP_228710995.1,downstream,hypothetical protein
WP_228136782_neighbors.csv,WP_228136782.1,WP_228136781.1,downstream,hypothetical protein
WP_227549693_neighbors.csv,WP_227549693.1,WP_227549694.1,downstream,DNA-binding protein
WP_227549693_neighbors.csv,WP_227549693.1,WP_257965518.1,upstream,hypothetical protein
WP_311752782_neighbors.csv,WP_311752782.1,WP_311752783.1,downstream,hypothetical protein
WP_274122695_neighbors.csv,WP_274122695.1,WP_274122697.1,downstream,hypothetical protein
WP_144825112_neighbors.csv,WP_144825112.1,WP_144825113.1,downstream,hypothetical protein
WP_322339625_neighbors.csv,WP_322339625.1,WP_322339629.1,downstream,ATP-binding protein
WP_244468236_neighbors.csv,WP_244468236.1,WP_348271945.1,downstream,hypothetical protein
WP_197215434_neighbors.csv,WP_197215434.1,WP_197215433.1,downstream,P-loop NTPase fold protein
WP_191554877_neighbors.csv,WP_191554877.1,WP_191554876.1,upstream,ATP-binding protein
WP_277848468_neighbors.csv,WP_277848468.1,WP_277848467.1,upstream,hypothetical protein
WP_277848468_neighbors.csv,WP_277848468.1,WP_338405901.1,downstream,hypothetical protein
WP_353177926_neighbors.csv,WP_353177926.1,WP_353177924.1,upstream,P-loop NTPase fold protein
WP_348580157_neighbors.csv,WP_348580157.1,WP_348580155.1,downstream,hypothetical protein
WP_005845920_neighbors.csv,WP_005845920.1,WP_005845918.1,upstream,hypothetical protein
WP_367062474_neighbors.csv,WP_367062474.1,WP_367062471.1,downstream,P-loop NTPase fold protein
WP_228712786_neighbors.csv,WP_228712786.1,WP_228712064.1,upstream,hypothetical protein
WP_228712786_neighbors.csv,WP_228712786.1,WP_323807818.1,downstream,hypothetical protein
WP_077857007_neighbors.csv,WP_077857007.1,WP_077856668.1,downstream,hypothetical protein
WP_099571229_neighbors.csv,WP_099571229.1,WP_099571230.1,downstream,hypothetical protein
WP_307444934_neighbors.csv,WP_307444934.1,WP_307444932.1,downstream,hypothetical protein
WP_034965613_neighbors.csv,WP_034965613.1,WP_034965611.1,upstream,hypothetical protein
WP_407906406_neighbors.csv,WP_407906406.1,WP_407911061.1,downstream,hypothetical protein
WP_407906406_neighbors.csv,WP_407906406.1,WP_407906407.1,downstream,hypothetical protein
WP_250394539_neighbors.csv,WP_250394539.1,WP_250394540.1,downstream,hypothetical protein
WP_228477420_neighbors.csv,WP_228477420.1,WP_228477421.1,downstream,hypothetical protein
WP_332606490_neighbors.csv,WP_332606490.1,WP_332606489.1,downstream,hypothetical protein
WP_193547011_neighbors.csv,WP_193547011.1,WP_193547010.1,upstream,hypothetical protein
WP_141879660_neighbors.csv,WP_141879660.1,WP_221625353.1,upstream,P-loop NTPase fold protein
WP_227549694_neighbors.csv,WP_227549694.1,WP_227549693.1,upstream,hypothetical protein
WP_169057872_neighbors.csv,WP_169057872.1,WP_169057873.1,downstream,P-loop NTPase fold protein
WP_277887711_neighbors.csv,WP_277887711.1,WP_097426659.1,upstream,hypothetical protein
WP_208373678_neighbors.csv,WP_208373678.1,WP_208373680.1,downstream,hypothetical protein
WP_323169435_neighbors.csv,WP_323169435.1,WP_323169436.1,downstream,hypothetical protein
WP_252093937_neighbors.csv,WP_252093937.1,WP_225392418.1,downstream,hypothetical protein
WP_248076626_neighbors.csv,WP_248076626.1,WP_248076628.1,downstream,hypothetical protein
WP_153986412_neighbors.csv,WP_153986412.1,WP_153986411.1,upstream,hypothetical protein
WP_232536208_neighbors.csv,WP_232536208.1,WP_232536210.1,downstream,hypothetical protein
WP_197215433_neighbors.csv,WP_197215433.1,WP_197215434.1,downstream,hypothetical protein
WP_262361641_neighbors.csv,WP_262361641.1,WP_227538379.1,downstream,P-loop NTPase fold protein
WP_185428258_neighbors.csv,WP_185428258.1,WP_185428257.1,upstream,hypothetical protein
WP_309414149_neighbors.csv,WP_309414149.1,WP_309414150.1,downstream,hypothetical protein
WP_228709038_neighbors.csv,WP_228709038.1,WP_228709039.1,downstream,hypothetical protein
WP_333954075_neighbors.csv,WP_333954075.1,WP_407251037.1,downstream,P-loop NTPase fold protein
WP_331245229_neighbors.csv,WP_331245229.1,WP_331245227.1,downstream,hypothetical protein
WP_197971560_neighbors.csv,WP_197971560.1,WP_407706989.1,upstream,hypothetical protein
WP_222952439_neighbors.csv,WP_222952439.1,WP_222952436.1,upstream,hypothetical protein
WP_222952439_neighbors.csv,WP_222952439.1,WP_222952440.1,downstream,hypothetical protein
WP_228136781_neighbors.csv,WP_228136781.1,WP_228136782.1,downstream,pcar
WP_405498885_neighbors.csv,WP_405498885.1,WP_331722856.1,upstream,hypothetical protein
WP_152607488_neighbors.csv,WP_152607488.1,WP_052133217.1,downstream,hypothetical protein
WP_258962585_neighbors.csv,WP_258962585.1,WP_258962584.1,upstream,hypothetical protein
WP_369098562_neighbors.csv,WP_369098562.1,WP_369098563.1,downstream,hypothetical protein
WP_248037533_neighbors.csv,WP_248037533.1,WP_228380910.1,downstream,hypothetical protein
WP_191918211_neighbors.csv,WP_191918211.1,WP_191918210.1,downstream,hypothetical protein
WP_174796454_neighbors.csv,WP_174796454.1,WP_174796453.1,upstream,hypothetical protein
WP_320769107_neighbors.csv,WP_320769107.1,WP_320769106.1,upstream,hypothetical protein
WP_374221955_neighbors.csv,WP_374221955.1,WP_259272204.1,downstream,hypothetical protein
WP_285230770_neighbors.csv,WP_285230770.1,WP_023435521.1,downstream,hypothetical protein
WP_228714481_neighbors.csv,WP_228714481.1,WP_228714479.1,upstream,hypothetical protein
WP_291631742_neighbors.csv,WP_291631742.1,WP_367244421.1,downstream,hypothetical protein
WP_237113178_neighbors.csv,WP_237113178.1,WP_237113177.1,upstream,hypothetical protein
WP_339484391_neighbors.csv,WP_339484391.1,WP_339484389.1,upstream,hypothetical protein
WP_243045640_neighbors.csv,WP_243045640.1,WP_243045638.1,downstream,hypothetical protein
WP_246863463_neighbors.csv,WP_246863463.1,WP_274431392.1,upstream,hypothetical protein
WP_346802863_neighbors.csv,WP_346802863.1,WP_346802862.1,downstream,DNA-binding protein
WP_332416411_neighbors.csv,WP_332416411.1,WP_332416413.1,downstream,hypothetical protein
WP_319567963_neighbors.csv,WP_319567963.1,WP_319567961.1,upstream,ATP-binding protein
WP_245394175_neighbors.csv,WP_245394175.1,WP_245394176.1,downstream,hypothetical protein
WP_245394175_neighbors.csv,WP_245394175.1,WP_245394177.1,downstream,hypothetical protein
WP_228709504_neighbors.csv,WP_228709504.1,WP_124040463.1,upstream,hypothetical protein
WP_265217875_neighbors.csv,WP_265217875.1,WP_265217876.1,downstream,hypothetical protein
WP_221625353_neighbors.csv,WP_221625353.1,WP_141879660.1,downstream,hypothetical protein
WP_239647199_neighbors.csv,WP_239647199.1,WP_239647200.1,downstream,hypothetical protein
WP_161602056_neighbors.csv,WP_161602056.1,WP_008845291.1,downstream,hypothetical protein
WP_089014503_neighbors.csv,WP_089014503.1,WP_089014502.1,upstream,P-loop NTPase fold protein
WP_080022187_neighbors.csv,WP_080022187.1,WP_080022188.1,downstream,hypothetical protein
WP_016323765_neighbors.csv,WP_016323765.1,WP_155979077.1,downstream,hypothetical protein
WP_016323765_neighbors.csv,WP_016323765.1,WP_016323767.1,downstream,hypothetical protein
WP_235284815_neighbors.csv,WP_235284815.1,WP_235284814.1,downstream,hypothetical protein
WP_373859702_neighbors.csv,WP_373859702.1,WP_373859701.1,upstream,hypothetical protein
WP_353395123_neighbors.csv,WP_353395123.1,WP_353395125.1,downstream,hypothetical protein
WP_251361773_neighbors.csv,WP_251361773.1,WP_251361772.1,upstream,hypothetical protein
WP_251361773_neighbors.csv,WP_251361773.1,WP_251361775.1,downstream,hypothetical protein
WP_409246990_neighbors.csv,WP_409246990.1,WP_409246987.1,upstream,hypothetical protein
WP_228712065_neighbors.csv,WP_228712065.1,WP_228712064.1,upstream,hypothetical protein
WP_247146909_neighbors.csv,WP_247146909.1,WP_231210559.1,downstream,hypothetical protein
WP_247146909_neighbors.csv,WP_247146909.1,WP_277446040.1,downstream,hypothetical protein
WP_400840538_neighbors.csv,WP_400840538.1,WP_400840539.1,downstream,hypothetical protein
WP_150049777_neighbors.csv,WP_150049777.1,WP_150049779.1,downstream,hypothetical protein
WP_368074177_neighbors.csv,WP_368074177.1,WP_158837519.1,downstream,P-loop NTPase fold protein
WP_407259124_neighbors.csv,WP_407259124.1,WP_407259533.1,downstream,hypothetical protein
WP_407259124_neighbors.csv,WP_407259124.1,WP_407259125.1,downstream,hypothetical protein
WP_409246987_neighbors.csv,WP_409246987.1,WP_409247599.1,downstream,hypothetical protein
WP_409246987_neighbors.csv,WP_409246987.1,WP_409246990.1,downstream,hypothetical protein
WP_133092127_neighbors.csv,WP_133092127.1,WP_133092126.1,upstream,ATP-binding protein
WP_133092127_neighbors.csv,WP_133092127.1,WP_094601533.1,upstream,hypothetical protein
WP_241223930_neighbors.csv,WP_241223930.1,WP_241223931.1,downstream,hypothetical protein
WP_250115250_neighbors.csv,WP_250115250.1,WP_250115251.1,downstream,hypothetical protein
WP_250115250_neighbors.csv,WP_250115250.1,WP_250115252.1,downstream,hypothetical protein
WP_006086306_neighbors.csv,WP_006086306.1,WP_006086307.1,downstream,hypothetical protein
WP_324826158_neighbors.csv,WP_324826158.1,WP_277839544.1,downstream,hypothetical protein
WP_344069308_neighbors.csv,WP_344069308.1,WP_344069305.1,upstream,hypothetical protein
WP_232627595_neighbors.csv,WP_232627595.1,WP_232627596.1,downstream,hypothetical protein
WP_228723001_neighbors.csv,WP_228723001.1,WP_323848557.1,downstream,DNA-binding protein
WP_324078735_neighbors.csv,WP_324078735.1,WP_324078736.1,downstream,hypothetical protein
WP_129902104_neighbors.csv,WP_129902104.1,WP_193759603.1,upstream,hypothetical protein
WP_274720578_neighbors.csv,WP_274720578.1,WP_274720579.1,downstream,hypothetical protein
WP_369119139_neighbors.csv,WP_369119139.1,WP_369119140.1,downstream,hypothetical protein
WP_230577282_neighbors.csv,WP_230577282.1,WP_230577281.1,upstream,hypothetical protein
WP_124752488_neighbors.csv,WP_124752488.1,WP_369073307.1,downstream,hypothetical protein
WP_229037069_neighbors.csv,WP_229037069.1,WP_324249590.1,downstream,hypothetical protein
WP_378003247_neighbors.csv,WP_378003247.1,WP_378003246.1,upstream,ATP-binding protein
WP_136086446_neighbors.csv,WP_136086446.1,WP_136086445.1,upstream,hypothetical protein
WP_255212044_neighbors.csv,WP_255212044.1,WP_255212045.1,downstream,hypothetical protein
WP_050747990_neighbors.csv,WP_050747990.1,WP_050747991.1,downstream,hypothetical protein
WP_144065936_neighbors.csv,WP_144065936.1,WP_088660282.1,downstream,hypothetical protein
WP_270788739_neighbors.csv,WP_270788739.1,WP_270788738.1,upstream,P-loop NTPase fold protein
WP_387482277_neighbors.csv,WP_387482277.1,WP_387482279.1,downstream,hypothetical protein
WP_252514362_neighbors.csv,WP_252514362.1,WP_409071510.1,upstream,hypothetical protein
WP_252514362_neighbors.csv,WP_252514362.1,WP_252514363.1,downstream,hypothetical protein
WP_018713963_neighbors.csv,WP_018713963.1,WP_143297694.1,downstream,hypothetical protein
WP_309998799_neighbors.csv,WP_309998799.1,WP_309998798.1,upstream,P-loop NTPase fold protein
WP_240733372_neighbors.csv,WP_240733372.1,WP_240733373.1,downstream,hypothetical protein
WP_004384058_neighbors.csv,WP_004384058.1,WP_004384056.1,upstream,hypothetical protein
WP_228380909_neighbors.csv,WP_228380909.1,WP_228380910.1,downstream,hypothetical protein
WP_308525842_neighbors.csv,WP_308525842.1,WP_308525843.1,downstream,hypothetical protein
WP_302280788_neighbors.csv,WP_302280788.1,WP_302280787.1,upstream,YobI family P-loop NTPase
WP_167803806_neighbors.csv,WP_167803806.1,WP_167803807.1,downstream,hypothetical protein
WP_270545755_neighbors.csv,WP_270545755.1,WP_270545754.1,upstream,hypothetical protein
WP_226339348_neighbors.csv,WP_226339348.1,WP_180814337.1,upstream,hypothetical protein
WP_348625836_neighbors.csv,WP_348625836.1,WP_050592433.1,downstream,hypothetical protein
WP_394656945_neighbors.csv,WP_394656945.1,WP_394656946.1,downstream,hypothetical protein
WP_250668008_neighbors.csv,WP_250668008.1,WP_250668010.1,upstream,hypothetical protein
WP_250668008_neighbors.csv,WP_250668008.1,WP_236941985.1,upstream,hypothetical protein
WP_332679052_neighbors.csv,WP_332679052.1,WP_332679047.1,upstream,hypothetical protein
WP_332679052_neighbors.csv,WP_332679052.1,WP_332679050.1,upstream,hypothetical protein
WP_397006105_neighbors.csv,WP_397006105.1,WP_397006107.1,downstream,hypothetical protein
WP_020447906_neighbors.csv,WP_020447906.1,WP_208396053.1,downstream,hypothetical protein
WP_227013147_neighbors.csv,WP_227013147.1,WP_227013145.1,upstream,hypothetical protein
WP_407045607_neighbors.csv,WP_407045607.1,WP_187128150.1,downstream,hypothetical protein
WP_265003197_neighbors.csv,WP_265003197.1,WP_265003198.1,downstream,hypothetical protein
WP_147788643_neighbors.csv,WP_147788643.1,WP_147788642.1,upstream,hypothetical protein
WP_290942965_neighbors.csv,WP_290942965.1,WP_290942967.1,downstream,hypothetical protein
WP_150049779_neighbors.csv,WP_150049779.1,WP_150049777.1,upstream,hypothetical protein
WP_167769315_neighbors.csv,WP_167769315.1,WP_134658159.1,upstream,hypothetical protein
WP_378235514_neighbors.csv,WP_378235514.1,WP_378235515.1,downstream,hypothetical protein
WP_378235514_neighbors.csv,WP_378235514.1,WP_378235516.1,downstream,hypothetical protein
WP_282491086_neighbors.csv,WP_282491086.1,WP_218816138.1,upstream,hypothetical protein
WP_333519608_neighbors.csv,WP_333519608.1,WP_270462657.1,downstream,hypothetical protein
WP_008845291_neighbors.csv,WP_008845291.1,WP_161602056.1,downstream,hypothetical protein
WP_225370230_neighbors.csv,WP_225370230.1,WP_225370227.1,upstream,hypothetical protein
WP_225370230_neighbors.csv,WP_225370230.1,WP_225370228.1,upstream,hypothetical protein
WP_244586515_neighbors.csv,WP_244586515.1,WP_342365430.1,downstream,pcar
WP_102574334_neighbors.csv,WP_102574334.1,WP_102574333.1,downstream,hypothetical protein
WP_089663730_neighbors.csv,WP_089663730.1,WP_089663732.1,downstream,hypothetical protein
WP_225370227_neighbors.csv,WP_225370227.1,WP_225370228.1,downstream,hypothetical protein
WP_225370227_neighbors.csv,WP_225370227.1,WP_225370230.1,downstream,hypothetical protein
WP_290924103_neighbors.csv,WP_290924103.1,WP_290924101.1,upstream,hypothetical protein
WP_316364038_neighbors.csv,WP_316364038.1,WP_316364037.1,upstream,hypothetical protein
WP_220450673_neighbors.csv,WP_220450673.1,WP_117899108.1,downstream,hypothetical protein
WP_407218356_neighbors.csv,WP_407218356.1,WP_407218355.1,upstream,hypothetical protein
WP_387482279_neighbors.csv,WP_387482279.1,WP_387482277.1,downstream,hypothetical protein
WP_228380910_neighbors.csv,WP_228380910.1,WP_228380909.1,downstream,hypothetical protein
WP_228380910_neighbors.csv,WP_228380910.1,WP_253269421.1,downstream,YobI family P-loop NTPase
WP_228380910_neighbors.csv,WP_228380910.1,WP_248037533.1,downstream,hypothetical protein
WP_191077686_neighbors.csv,WP_191077686.1,WP_191077687.1,downstream,hypothetical protein
WP_004384056_neighbors.csv,WP_004384056.1,WP_004384058.1,downstream,hypothetical protein
WP_199961118_neighbors.csv,WP_199961118.1,WP_199961117.1,upstream,hypothetical protein
WP_338124896_neighbors.csv,WP_338124896.1,WP_201705510.1,upstream,hypothetical protein
WP_026764596_neighbors.csv,WP_026764596.1,WP_026764597.1,downstream,hypothetical protein
WP_367144217_neighbors.csv,WP_367144217.1,WP_367144218.1,downstream,pcar
WP_023702786_neighbors.csv,WP_023702786.1,WP_023702787.1,downstream,DNA-binding protein
WP_332606489_neighbors.csv,WP_332606489.1,WP_332606490.1,downstream,hypothetical protein
WP_232948343_neighbors.csv,WP_232948343.1,WP_232948344.1,downstream,hypothetical protein
WP_165415155_neighbors.csv,WP_165415155.1,WP_165415156.1,upstream,hypothetical protein
WP_407260672_neighbors.csv,WP_407260672.1,WP_228267451.1,downstream,hypothetical protein
WP_239793744_neighbors.csv,WP_239793744.1,WP_239793743.1,upstream,hypothetical protein
WP_248076628_neighbors.csv,WP_248076628.1,WP_248076626.1,upstream,hypothetical protein
WP_340125809_neighbors.csv,WP_340125809.1,WP_340125808.1,downstream,hypothetical protein
WP_309414150_neighbors.csv,WP_309414150.1,WP_309414149.1,downstream,hypothetical protein
WP_307219905_neighbors.csv,WP_307219905.1,WP_307219908.1,downstream,hypothetical protein
WP_124065251_neighbors.csv,WP_124065251.1,WP_124065255.1,downstream,hypothetical protein
WP_331245227_neighbors.csv,WP_331245227.1,WP_331245229.1,upstream,hypothetical protein
WP_408857096_neighbors.csv,WP_408857096.1,WP_408857095.1,upstream,hypothetical protein
WP_346980229_neighbors.csv,WP_346980229.1,WP_138297004.1,downstream,hypothetical protein
WP_114138886_neighbors.csv,WP_114138886.1,WP_114138884.1,upstream,hypothetical protein
WP_114138886_neighbors.csv,WP_114138886.1,WP_114138885.1,downstream,hypothetical protein
WP_279475432_neighbors.csv,WP_279475432.1,WP_341536464.1,downstream,hypothetical protein
WP_279475432_neighbors.csv,WP_279475432.1,WP_341536481.1,downstream,hypothetical protein
WP_223080512_neighbors.csv,WP_223080512.1,WP_223080513.1,downstream,hypothetical protein
WP_407706989_neighbors.csv,WP_407706989.1,WP_197971560.1,downstream,P-loop NTPase fold protein
WP_152984852_neighbors.csv,WP_152984852.1,WP_161808379.1,upstream,hypothetical protein
WP_124065255_neighbors.csv,WP_124065255.1,WP_124065251.1,upstream,hypothetical protein
WP_232627578_neighbors.csv,WP_232627578.1,WP_232627577.1,downstream,hypothetical protein
WP_072693696_neighbors.csv,WP_072693696.1,WP_072693693.1,upstream,hypothetical protein
WP_236130784_neighbors.csv,WP_236130784.1,WP_236130785.1,downstream,hypothetical protein
WP_260503341_neighbors.csv,WP_260503341.1,WP_376741106.1,downstream,hypothetical protein
WP_101377910_neighbors.csv,WP_101377910.1,WP_331716283.1,downstream,hypothetical protein
WP_165415156_neighbors.csv,WP_165415156.1,WP_165415155.1,downstream,hypothetical protein
WP_369119140_neighbors.csv,WP_369119140.1,WP_369119139.1,downstream,hypothetical protein
WP_261310675_neighbors.csv,WP_261310675.1,WP_261310674.1,upstream,hypothetical protein
WP_155885576_neighbors.csv,WP_155885576.1,WP_155885577.1,downstream,hypothetical protein
WP_158826566_neighbors.csv,WP_158826566.1,WP_158826567.1,downstream,hypothetical protein
WP_400452634_neighbors.csv,WP_400452634.1,WP_400452636.1,downstream,hypothetical protein
WP_224266239_neighbors.csv,WP_224266239.1,WP_224266238.1,downstream,hypothetical protein
WP_394350920_neighbors.csv,WP_394350920.1,WP_162126401.1,downstream,hypothetical protein
WP_218816138_neighbors.csv,WP_218816138.1,WP_282491086.1,downstream,hypothetical protein
WP_373255399_neighbors.csv,WP_373255399.1,WP_373256054.1,upstream,P-loop NTPase fold protein
WP_369099783_neighbors.csv,WP_369099783.1,WP_369099776.1,upstream,hypothetical protein
WP_338405901_neighbors.csv,WP_338405901.1,WP_277848467.1,upstream,hypothetical protein
WP_338405901_neighbors.csv,WP_338405901.1,WP_277848468.1,downstream,hypothetical protein
WP_369024707_neighbors.csv,WP_369024707.1,WP_369024705.1,upstream,hypothetical protein
WP_286404600_neighbors.csv,WP_286404600.1,WP_286404597.1,upstream,hypothetical protein
WP_341536418_neighbors.csv,WP_341536418.1,WP_279460459.1,downstream,hypothetical protein
WP_392559454_neighbors.csv,WP_392559454.1,WP_392559455.1,downstream,hypothetical protein
WP_274431392_neighbors.csv,WP_274431392.1,WP_246863463.1,downstream,hypothetical protein
WP_318613194_neighbors.csv,WP_318613194.1,WP_210408756.1,upstream,hypothetical protein
WP_350028107_neighbors.csv,WP_350028107.1,WP_251950508.1,downstream,P-loop NTPase fold protein
WP_402743531_neighbors.csv,WP_402743531.1,WP_402743530.1,upstream,hypothetical protein
WP_407911061_neighbors.csv,WP_407911061.1,WP_407906406.1,upstream,hypothetical protein
WP_261167510_neighbors.csv,WP_261167510.1,WP_261167511.1,downstream,hypothetical protein
WP_114138885_neighbors.csv,WP_114138885.1,WP_114138884.1,upstream,hypothetical protein
WP_114138885_neighbors.csv,WP_114138885.1,WP_114138886.1,downstream,hypothetical protein
WP_228496541_neighbors.csv,WP_228496541.1,WP_228496539.1,upstream,hypothetical protein
WP_232948344_neighbors.csv,WP_232948344.1,WP_232948343.1,upstream,hypothetical protein
WP_408857095_neighbors.csv,WP_408857095.1,WP_408857096.1,downstream,hypothetical protein
WP_099571230_neighbors.csv,WP_099571230.1,WP_099571229.1,upstream,hypothetical protein
WP_239793743_neighbors.csv,WP_239793743.1,WP_239793744.1,downstream,hypothetical protein
WP_334198866_neighbors.csv,WP_334198866.1,WP_237023563.1,downstream,hypothetical protein
WP_256986912_neighbors.csv,WP_256986912.1,WP_241774432.1,downstream,DNA-binding protein
WP_345331477_neighbors.csv,WP_345331477.1,WP_345331478.1,downstream,hypothetical protein
WP_311040696_neighbors.csv,WP_311040696.1,WP_409071510.1,downstream,hypothetical protein
WP_185353519_neighbors.csv,WP_185353519.1,WP_185353520.1,downstream,hypothetical protein
WP_181611843_neighbors.csv,WP_181611843.1,WP_181611842.1,upstream,hypothetical protein
WP_118615440_neighbors.csv,WP_118615440.1,WP_118615442.1,downstream,hypothetical protein
WP_247152053_neighbors.csv,WP_247152053.1,WP_247152052.1,upstream,hypothetical protein
WP_337211742_neighbors.csv,WP_337211742.1,WP_337211743.1,downstream,hypothetical protein
WP_337211742_neighbors.csv,WP_337211742.1,WP_337211744.1,downstream,P-loop NTPase fold protein
WP_332578608_neighbors.csv,WP_332578608.1,WP_332578609.1,downstream,hypothetical protein
WP_395348369_neighbors.csv,WP_395348369.1,WP_395348367.1,upstream,P-loop NTPase fold protein
WP_102574333_neighbors.csv,WP_102574333.1,WP_102574334.1,downstream,P-loop NTPase fold protein
WP_222952440_neighbors.csv,WP_222952440.1,WP_222952436.1,upstream,hypothetical protein
WP_222952440_neighbors.csv,WP_222952440.1,WP_222952439.1,downstream,hypothetical protein
WP_173001777_neighbors.csv,WP_173001777.1,WP_367397041.1,downstream,hypothetical protein
WP_009568427_neighbors.csv,WP_009568427.1,WP_009568428.1,downstream,hypothetical protein
WP_394656946_neighbors.csv,WP_394656946.1,WP_394656945.1,upstream,hypothetical protein
WP_407251314_neighbors.csv,WP_407251314.1,WP_124040463.1,upstream,hypothetical protein
WP_407251314_neighbors.csv,WP_407251314.1,WP_407251256.1,downstream,hypothetical protein
WP_094601533_neighbors.csv,WP_094601533.1,WP_133092126.1,upstream,ATP-binding protein
WP_094601533_neighbors.csv,WP_094601533.1,WP_133092127.1,downstream,hypothetical protein
WP_347403489_neighbors.csv,WP_347403489.1,WP_161476339.1,downstream,hypothetical protein
WP_268720943_neighbors.csv,WP_268720943.1,WP_268720942.1,downstream,hypothetical protein
WP_185353520_neighbors.csv,WP_185353520.1,WP_185353519.1,upstream,hypothetical protein
WP_233481520_neighbors.csv,WP_233481520.1,WP_233481521.1,downstream,DNA-binding protein
WP_376741106_neighbors.csv,WP_376741106.1,WP_260503341.1,downstream,hypothetical protein
WP_408850817_neighbors.csv,WP_408850817.1,WP_408850818.1,downstream,hypothetical protein
WP_311205090_neighbors.csv,WP_311205090.1,WP_311205089.1,upstream,hypothetical protein
WP_317458270_neighbors.csv,WP_317458270.1,WP_001303378.1,downstream,hypothetical protein
WP_187128150_neighbors.csv,WP_187128150.1,WP_407045607.1,upstream,hypothetical protein
WP_287656070_neighbors.csv,WP_287656070.1,WP_353845236.1,downstream,hypothetical protein
WP_315683058_neighbors.csv,WP_315683058.1,WP_315683057.1,upstream,hypothetical protein
WP_246842274_neighbors.csv,WP_246842274.1,WP_246842275.1,downstream,hypothetical protein
WP_246842274_neighbors.csv,WP_246842274.1,WP_246842276.1,downstream,hypothetical protein
WP_409418700_neighbors.csv,WP_409418700.1,WP_265217876.1,downstream,hypothetical protein
WP_286488964_neighbors.csv,WP_286488964.1,WP_286488962.1,upstream,hypothetical protein
WP_230585799_neighbors.csv,WP_230585799.1,WP_230585800.1,downstream,hypothetical protein
WP_341775342_neighbors.csv,WP_341775342.1,WP_240022541.1,downstream,P-loop NTPase fold protein
WP_341775342_neighbors.csv,WP_341775342.1,WP_240022251.1,downstream,P-loop NTPase fold protein
WP_341775342_neighbors.csv,WP_341775342.1,WP_240016793.1,downstream,P-loop NTPase fold protein
WP_250394540_neighbors.csv,WP_250394540.1,WP_250394539.1,downstream,hypothetical protein
WP_143297694_neighbors.csv,WP_143297694.1,WP_143297695.1,downstream,hypothetical protein
WP_143297694_neighbors.csv,WP_143297694.1,WP_018713963.1,upstream,hypothetical protein
WP_344069305_neighbors.csv,WP_344069305.1,WP_344069308.1,downstream,hypothetical protein
WP_358056292_neighbors.csv,WP_358056292.1,WP_358056290.1,downstream,hypothetical protein
WP_236579322_neighbors.csv,WP_236579322.1,WP_369692066.1,downstream,hypothetical protein
WP_119525417_neighbors.csv,WP_119525417.1,WP_119525418.1,downstream,hypothetical protein
WP_376765587_neighbors.csv,WP_376765587.1,WP_142956017.1,downstream,hypothetical protein
WP_349665052_neighbors.csv,WP_349665052.1,WP_231793536.1,downstream,hypothetical protein
WP_349665052_neighbors.csv,WP_349665052.1,WP_249928821.1,downstream,hypothetical protein
WP_407218355_neighbors.csv,WP_407218355.1,WP_407218356.1,downstream,hypothetical protein
WP_373129110_neighbors.csv,WP_373129110.1,WP_373129109.1,upstream,hypothetical protein
WP_264974850_neighbors.csv,WP_264974850.1,WP_264974851.1,upstream,hypothetical protein
